# Step table of examples/HydroTests/SedovBlast_3D (64^3 glass, default parameter file,
# ./swift --hydro --limiter --threads=4 sedov.yml), timesteps.txt as written by SWIFT.
# Step Properties: Rebuild=1, Redistribute=2, Repartition=4, Statistics=8, Snapshot=16, Restarts=32 STF=64, FOF=128, mesh=256
#   Step           Time Scale-factor     Redshift      Time-step Time-bins      Updates    g-Updates    s-Updates Sink-Updates    b-Updates  Wall-clock time [ms]  Props    Dead time [ms]
       0   0.000000e+00    1.0000000    0.0000000   0.000000e+00    1   56       262144            0            0            0            0              1779.685     25            54.345
       1   2.441406e-05    1.0000000    0.0000000   2.441406e-05   45   45           15            0            0            0            0                83.981      1             1.007
       2   4.882813e-05    1.0000000    0.0000000   2.441406e-05   45   46          166            0            0            0            0                 3.363      0             1.061
       3   7.324219e-05    1.0000000    0.0000000   2.441406e-05   45   45          145            0            0            0            0                 2.436      0             0.692
       4   9.765625e-05    1.0000000    0.0000000   2.441406e-05   45   47          641            0            0            0            0                 5.763      0             1.421
       5   1.220703e-04    1.0000000    0.0000000   2.441406e-05   45   45          147            0            0            0            0                 3.045      0             1.057
       6   1.464844e-04    1.0000000    0.0000000   2.441406e-05   45   46          222            0            0            0            0                 3.280      0             0.976
       7   1.708984e-04    1.0000000    0.0000000   2.441406e-05   45   45          141            0            0            0            0                 2.304      0             0.717
       8   1.953125e-04    1.0000000    0.0000000   2.441406e-05   45   48          797            0            0            0            0                13.635      0             2.181
       9   2.197266e-04    1.0000000    0.0000000   2.441406e-05   45   45          162            0            0            0            0                 3.747      0             1.026
      10   2.441406e-04    1.0000000    0.0000000   2.441406e-05   45   46          360            0            0            0            0                 5.394      0             0.847
      11   2.685547e-04    1.0000000    0.0000000   2.441406e-05   45   45          161            0            0            0            0                 3.410      0             1.008
      12   2.929688e-04    1.0000000    0.0000000   2.441406e-05   45   47          824            0            0            0            0                 8.252      0             1.853
      13   3.173828e-04    1.0000000    0.0000000   2.441406e-05   45   45          147            0            0            0            0                 3.328      0             1.176
      14   3.417969e-04    1.0000000    0.0000000   2.441406e-05   45   46          429            0            0            0            0                 4.980      0             1.645
      15   3.662109e-04    1.0000000    0.0000000   2.441406e-05   45   45           78            0            0            0            0                 2.044      0             0.705
      16   3.906250e-04    1.0000000    0.0000000   2.441406e-05   45   49         1999            0            0            0            0                13.450      0             1.858
      17   4.150391e-04    1.0000000    0.0000000   2.441406e-05   45   45           73            0            0            0            0                 2.190      0             0.865
      18   4.394531e-04    1.0000000    0.0000000   2.441406e-05   45   46          517            0            0            0            0                 4.970      0             1.186
      19   4.638672e-04    1.0000000    0.0000000   2.441406e-05   45   45           55            0            0            0            0               103.686      1             1.018
      20   4.882812e-04    1.0000000    0.0000000   2.441406e-05   45   47         1041            0            0            0            0                11.916      0             1.579
      21   5.126953e-04    1.0000000    0.0000000   2.441406e-05   45   45           39            0            0            0            0                 1.883      0             0.735
      22   5.371094e-04    1.0000000    0.0000000   2.441406e-05   45   46          593            0            0            0            0                 6.357      0             1.390
      23   5.615234e-04    1.0000000    0.0000000   2.441406e-05   45   45           27            0            0            0            0                 2.100      0             0.892
      24   5.859375e-04    1.0000000    0.0000000   2.441406e-05   45   48         1578            0            0            0            0                11.409      0             1.688
      25   6.103516e-04    1.0000000    0.0000000   2.441406e-05   45   45           16            0            0            0            0                 2.244      0             1.180
      26   6.347656e-04    1.0000000    0.0000000   2.441406e-05   45   46          625            0            0            0            0                 5.859      0             1.174
      27   6.591797e-04    1.0000000    0.0000000   2.441406e-05   45   45           15            0            0            0            0                 1.908      0             0.837
      28   6.835938e-04    1.0000000    0.0000000   2.441406e-05   45   47          970            0            0            0            0                10.998      0             2.308
      29   7.080078e-04    1.0000000    0.0000000   2.441406e-05   45   45           15            0            0            0            0                 2.182      0             0.968
      30   7.324219e-04    1.0000000    0.0000000   2.441406e-05   45   46          606            0            0            0            0                 8.388      0             1.757
      31   7.568359e-04    1.0000000    0.0000000   2.441406e-05   45   45            5            0            0            0            0                 1.596      0             0.827
      32   7.812500e-04    1.0000000    0.0000000   2.441406e-05   45   50         3229            0            0            0            0                29.807      0             2.491
      33   8.300781e-04    1.0000000    0.0000000   4.882813e-05   46   46          597            0            0            0            0                 8.384      0             2.102
      34   8.789063e-04    1.0000000    0.0000000   4.882813e-05   46   47         1113            0            0            0            0                11.422      0             2.043
      35   9.277344e-04    1.0000000    0.0000000   4.882813e-05   46   46          585            0            0            0            0               127.155      1             1.654
      36   9.765625e-04    1.0000000    0.0000000   4.882813e-05   46   48         2111            0            0            0            0                29.541      8             2.300
      37   1.025391e-03    1.0000000    0.0000000   4.882813e-05   46   46          545            0            0            0            0                 8.957      0             1.811
      38   1.049805e-03    1.0000000    0.0000000   2.441406e-05   45   45            2            0            0            0            0                 1.789      0             0.690
      39   1.074219e-03    1.0000000    0.0000000   2.441406e-05   45   47         1281            0            0            0            0                13.697      0             2.412
      40   1.098633e-03    1.0000000    0.0000000   2.441406e-05   45   45            2            0            0            0            0                 1.561      0             0.782
      41   1.123047e-03    1.0000000    0.0000000   2.441406e-05   45   46          511            0            0            0            0                 7.773      0             2.028
      42   1.147461e-03    1.0000000    0.0000000   2.441406e-05   45   45            3            0            0            0            0                 1.265      0             0.657
      43   1.171875e-03    1.0000000    0.0000000   2.441406e-05   45   49         2822            0            0            0            0                21.253      0             2.155
      44   1.196289e-03    1.0000000    0.0000000   2.441406e-05   45   45            4            0            0            0            0                 1.566      0             0.814
      45   1.220703e-03    1.0000000    0.0000000   2.441406e-05   45   46          412            0            0            0            0               117.272      1             1.635
      46   1.245117e-03    1.0000000    0.0000000   2.441406e-05   45   45            3            0            0            0            0                 1.463      0             0.722
      47   1.269531e-03    1.0000000    0.0000000   2.441406e-05   45   47         1445            0            0            0            0                12.151      0             1.631
      48   1.293945e-03    1.0000000    0.0000000   2.441406e-05   45   45            1            0            0            0            0                 1.158      0             0.511
      49   1.318359e-03    1.0000000    0.0000000   2.441406e-05   45   46          285            0            0            0            0                 5.530      0             1.487
      50   1.367188e-03    1.0000000    0.0000000   4.882813e-05   46   48         2486            0            0            0            0                19.339      0             2.116
      51   1.416016e-03    1.0000000    0.0000000   4.882813e-05   46   46          189            0            0            0            0                 5.811      0             2.349
      52   1.464844e-03    1.0000000    0.0000000   4.882813e-05   46   47         1623            0            0            0            0                14.640      0             2.192
      53   1.513672e-03    1.0000000    0.0000000   4.882813e-05   46   46          130            0            0            0            0                 5.243      0             1.681
      54   1.562500e-03    1.0000000    0.0000000   4.882813e-05   46   51         5229            0            0            0            0                42.022      0             3.288
      55   1.611328e-03    1.0000000    0.0000000   4.882813e-05   46   46          102            0            0            0            0               102.277      1             1.720
      56   1.660156e-03    1.0000000    0.0000000   4.882813e-05   46   47         1808            0            0            0            0                18.487      0             1.756
      57   1.708984e-03    1.0000000    0.0000000   4.882813e-05   46   46           58            0            0            0            0                 3.132      0             1.033
      58   1.757813e-03    1.0000000    0.0000000   4.882813e-05   46   48         2481            0            0            0            0                19.924      0             2.267
      59   1.806641e-03    1.0000000    0.0000000   4.882813e-05   46   46           39            0            0            0            0                 2.464      0             0.857
      60   1.855469e-03    1.0000000    0.0000000   4.882813e-05   46   47         1948            0            0            0            0                17.006      0             1.584
      61   1.904297e-03    1.0000000    0.0000000   4.882813e-05   46   46           30            0            0            0            0                 2.665      0             0.970
      62   1.953125e-03    1.0000000    0.0000000   4.882813e-05   46   49         3922            0            0            0            0                32.923      8             2.016
      63   2.001953e-03    1.0000000    0.0000000   4.882813e-05   46   46           28            0            0            0            0                81.162      1             1.201
      64   2.050781e-03    1.0000000    0.0000000   4.882813e-05   46   47         2089            0            0            0            0                23.100      0             2.003
      65   2.099609e-03    1.0000000    0.0000000   4.882813e-05   46   46           24            0            0            0            0                 2.841      0             0.952
      66   2.148438e-03    1.0000000    0.0000000   4.882813e-05   46   48         2616            0            0            0            0                25.627      0             2.993
      67   2.197266e-03    1.0000000    0.0000000   4.882813e-05   46   46           11            0            0            0            0                 2.896      0             1.662
      68   2.246094e-03    1.0000000    0.0000000   4.882813e-05   46   47         2184            0            0            0            0                16.079      0             2.345
      69   2.294922e-03    1.0000000    0.0000000   4.882813e-05   46   46            8            0            0            0            0                 2.393      0             1.141
      70   2.343750e-03    1.0000000    0.0000000   4.882813e-05   46   50         5134            0            0            0            0               132.151      1             2.712
      71   2.392578e-03    1.0000000    0.0000000   4.882813e-05   46   46           15            0            0            0            0                 1.737      0             0.769
      72   2.441406e-03    1.0000000    0.0000000   4.882813e-05   46   47         2232            0            0            0            0                13.243      0             1.821
      73   2.490234e-03    1.0000000    0.0000000   4.882813e-05   46   46           19            0            0            0            0                 1.863      0             0.818
      74   2.539063e-03    1.0000000    0.0000000   4.882813e-05   46   48         3025            0            0            0            0                20.059      0             2.181
      75   2.587891e-03    1.0000000    0.0000000   4.882813e-05   46   46           18            0            0            0            0                91.213      1             0.767
      76   2.636719e-03    1.0000000    0.0000000   4.882813e-05   46   47         2237            0            0            0            0                17.507      0             1.283
      77   2.685547e-03    1.0000000    0.0000000   4.882813e-05   46   46           19            0            0            0            0                 2.118      0             0.694
      78   2.734375e-03    1.0000000    0.0000000   4.882813e-05   46   49         4898            0            0            0            0                34.541      0             3.364
      79   2.783203e-03    1.0000000    0.0000000   4.882813e-05   46   46           18            0            0            0            0                 1.967      0             0.723
      80   2.832031e-03    1.0000000    0.0000000   4.882813e-05   46   47         2172            0            0            0            0                17.423      0             1.949
      81   2.880859e-03    1.0000000    0.0000000   4.882813e-05   46   46           15            0            0            0            0                 1.947      0             0.744
      82   2.929688e-03    1.0000000    0.0000000   4.882813e-05   46   48         3397            0            0            0            0                25.365      0             1.891
      83   2.978516e-03    1.0000000    0.0000000   4.882813e-05   46   46            7            0            0            0            0                 9.419      8             0.708
      84   3.027344e-03    1.0000000    0.0000000   4.882813e-05   46   47         2077            0            0            0            0                89.413      1             1.812
      85   3.076172e-03    1.0000000    0.0000000   4.882813e-05   46   46            2            0            0            0            0                 1.090      0             0.676
      86   3.125000e-03    1.0000000    0.0000000   4.882813e-05   46   52         8638            0            0            0            0                51.355      0             3.016
      87   3.173828e-03    1.0000000    0.0000000   4.882813e-05   46   46            5            0            0            0            0                 1.991      0             1.516
      88   3.222656e-03    1.0000000    0.0000000   4.882813e-05   46   47         1957            0            0            0            0                15.967      0             1.599
      89   3.271484e-03    1.0000000    0.0000000   4.882813e-05   46   46           10            0            0            0            0                 1.457      0             0.858
      90   3.320313e-03    1.0000000    0.0000000   4.882813e-05   46   48         3789            0            0            0            0                26.065      0             1.785
      91   3.369141e-03    1.0000000    0.0000000   4.882813e-05   46   46           12            0            0            0            0                 1.636      0             1.127
      92   3.417969e-03    1.0000000    0.0000000   4.882813e-05   46   47         1842            0            0            0            0                15.063      0             1.791
      93   3.466797e-03    1.0000000    0.0000000   4.882813e-05   46   46           11            0            0            0            0                 1.233      0             0.728
      94   3.515625e-03    1.0000000    0.0000000   4.882813e-05   46   49         5790            0            0            0            0                34.680      0             2.852
      95   3.564453e-03    1.0000000    0.0000000   4.882813e-05   46   46           10            0            0            0            0                 1.376      0             0.794
      96   3.613281e-03    1.0000000    0.0000000   4.882813e-05   46   47         1698            0            0            0            0                79.612      1             2.574
      97   3.662109e-03    1.0000000    0.0000000   4.882813e-05   46   46            5            0            0            0            0                 1.344      0             0.801
      98   3.710938e-03    1.0000000    0.0000000   4.882813e-05   46   48         4206            0            0            0            0                27.848      0             2.393
      99   3.759766e-03    1.0000000    0.0000000   4.882813e-05   46   46            1            0            0            0            0                 0.743      0             0.355
     100   3.808594e-03    1.0000000    0.0000000   4.882813e-05   46   47         1478            0            0            0            0                12.132      0             1.493
     101   3.906250e-03    1.0000000    0.0000000   9.765625e-05   47   50         7265            0            0            0            0                49.243      8             2.592
     102   4.003906e-03    1.0000000    0.0000000   9.765625e-05   47   47         1197            0            0            0            0                11.966      0             1.749
     103   4.052734e-03    1.0000000    0.0000000   4.882813e-05   46   46            1            0            0            0            0                 0.979      0             0.613
     104   4.101563e-03    1.0000000    0.0000000   4.882813e-05   46   48         4592            0            0            0            0                87.766      1             2.561
     105   4.150391e-03    1.0000000    0.0000000   4.882813e-05   46   46            3            0            0            0            0                 1.232      0             0.584
     106   4.199219e-03    1.0000000    0.0000000   4.882813e-05   46   47          938            0            0            0            0                 9.291      0             1.821
     107   4.248047e-03    1.0000000    0.0000000   4.882813e-05   46   46            3            0            0            0            0                 1.102      0             0.477
     108   4.296875e-03    1.0000000    0.0000000   4.882813e-05   46   49         6519            0            0            0            0                36.222      0             2.522
     109   4.345703e-03    1.0000000    0.0000000   4.882813e-05   46   46            4            0            0            0            0                 1.534      0             0.731
     110   4.394531e-03    1.0000000    0.0000000   4.882813e-05   46   47          708            0            0            0            0                 9.544      0             2.442
     111   4.443359e-03    1.0000000    0.0000000   4.882813e-05   46   46            3            0            0            0            0                58.116      1             0.844
     112   4.492188e-03    1.0000000    0.0000000   4.882813e-05   46   48         4985            0            0            0            0                38.742      0             2.219
     113   4.541016e-03    1.0000000    0.0000000   4.882813e-05   46   46            2            0            0            0            0                 1.181      0             0.497
     114   4.589844e-03    1.0000000    0.0000000   4.882813e-05   46   47          527            0            0            0            0                 7.134      0             1.917
     115   4.687500e-03    1.0000000    0.0000000   9.765625e-05   47   51        10526            0            0            0            0                51.903      0             2.927
     116   4.736328e-03    1.0000000    0.0000000   4.882813e-05   46   46            1            0            0            0            0                 1.274      0             0.583
     117   4.785156e-03    1.0000000    0.0000000   4.882813e-05   46   47          392            0            0            0            0                 7.462      0             1.638
     118   4.833984e-03    1.0000000    0.0000000   4.882813e-05   46   46            1            0            0            0            0                 1.076      0             0.567
     119   4.882812e-03    1.0000000    0.0000000   4.882813e-05   46   48         5381            0            0            0            0                48.778      0             2.872
     120   4.980469e-03    1.0000000    0.0000000   9.765625e-05   47   47          309            0            0            0            0                17.038      8             1.670
     121   5.078125e-03    1.0000000    0.0000000   9.765625e-05   47   49         6595            0            0            0            0                48.828      0             2.406
     122   5.175781e-03    1.0000000    0.0000000   9.765625e-05   47   47          242            0            0            0            0                62.622      1             4.049
     123   5.273438e-03    1.0000000    0.0000000   9.765625e-05   47   48         5760            0            0            0            0                38.289      0             2.137
     124   5.371094e-03    1.0000000    0.0000000   9.765625e-05   47   47          193            0            0            0            0                 5.346      0             1.472
     125   5.419922e-03    1.0000000    0.0000000   4.882813e-05   46   46            1            0            0            0            0                 1.137      0             0.537
     126   5.468750e-03    1.0000000    0.0000000   4.882813e-05   46   50         9435            0            0            0            0                54.885      0             3.150
     127   5.517578e-03    1.0000000    0.0000000   4.882813e-05   46   46            2            0            0            0            0                 0.962      0             0.442
     128   5.566406e-03    1.0000000    0.0000000   4.882813e-05   46   47          150            0            0            0            0                 4.280      0             1.263
     129   5.615234e-03    1.0000000    0.0000000   4.882813e-05   46   46            2            0            0            0            0                 1.061      0             0.533
     130   5.664063e-03    1.0000000    0.0000000   4.882813e-05   46   48         6175            0            0            0            0                39.607      0             2.432
     131   5.712891e-03    1.0000000    0.0000000   4.882813e-05   46   46            1            0            0            0            0                 1.161      0             0.763
     132   5.761719e-03    1.0000000    0.0000000   4.882813e-05   46   47          120            0            0            0            0                60.531      1             1.774
     133   5.859375e-03    1.0000000    0.0000000   9.765625e-05   47   49         7098            0            0            0            0                59.891      0             2.913
     134   5.957031e-03    1.0000000    0.0000000   9.765625e-05   47   47          102            0            0            0            0                14.468      8             1.218
     135   6.054688e-03    1.0000000    0.0000000   9.765625e-05   47   48         6524            0            0            0            0                47.356      0             2.406
     136   6.152344e-03    1.0000000    0.0000000   9.765625e-05   47   47           80            0            0            0            0                 5.811      0             3.052
     137   6.250000e-03    1.0000000    0.0000000   9.765625e-05   47   53       262144            0            0            0            0              1033.689      0            25.665
     138   6.347656e-03    1.0000000    0.0000000   9.765625e-05   47   47           65            0            0            0            0                 3.323      0             1.155
     139   6.445313e-03    1.0000000    0.0000000   9.765625e-05   47   48         6903            0            0            0            0               112.805      1             2.773
     140   6.542969e-03    1.0000000    0.0000000   9.765625e-05   47   47           60            0            0            0            0                 3.072      0             0.786
     141   6.640625e-03    1.0000000    0.0000000   9.765625e-05   47   49         7986            0            0            0            0                47.123      0             2.975
     142   6.738281e-03    1.0000000    0.0000000   9.765625e-05   47   47           59            0            0            0            0                 3.276      0             0.969
     143   6.835938e-03    1.0000000    0.0000000   9.765625e-05   47   48         7123            0            0            0            0                41.493      0             2.162
     144   6.933594e-03    1.0000000    0.0000000   9.765625e-05   47   47           55            0            0            0            0                11.718      8             1.033
     145   7.031250e-03    1.0000000    0.0000000   9.765625e-05   47   50        11583            0            0            0            0                66.515      0             4.666
     146   7.128906e-03    1.0000000    0.0000000   9.765625e-05   47   47           57            0            0            0            0                 4.119      0             1.299
     147   7.226563e-03    1.0000000    0.0000000   9.765625e-05   47   48         7360            0            0            0            0                45.006      0             2.356
     148   7.324219e-03    1.0000000    0.0000000   9.765625e-05   47   47           60            0            0            0            0                 5.594      0             2.743
     149   7.421875e-03    1.0000000    0.0000000   9.765625e-05   47   49         8852            0            0            0            0               113.192      1             3.297
     150   7.519531e-03    1.0000000    0.0000000   9.765625e-05   47   47           59            0            0            0            0                 4.632      0             1.223
     151   7.617188e-03    1.0000000    0.0000000   9.765625e-05   47   48         7457            0            0            0            0                49.222      0             2.605
     152   7.714844e-03    1.0000000    0.0000000   9.765625e-05   47   47           60            0            0            0            0                 3.430      0             0.980
     153   7.812500e-03    1.0000000    0.0000000   9.765625e-05   47   51        13656            0            0            0            0                91.720      0             3.424
     154   7.910156e-03    1.0000000    0.0000000   9.765625e-05   47   47           60            0            0            0            0                12.433      8             1.396
     155   8.007813e-03    1.0000000    0.0000000   9.765625e-05   47   48         7448            0            0            0            0                54.504      0             3.651
     156   8.105469e-03    1.0000000    0.0000000   9.765625e-05   47   47           60            0            0            0            0                 4.449      0             1.171
     157   8.203125e-03    1.0000000    0.0000000   9.765625e-05   47   49         9694            0            0            0            0                67.867      0             5.713
     158   8.300781e-03    1.0000000    0.0000000   9.765625e-05   47   47           59            0            0            0            0                 4.752      0             1.133
     159   8.398437e-03    1.0000000    0.0000000   9.765625e-05   47   48         7331            0            0            0            0               123.704      1             3.034
     160   8.496094e-03    1.0000000    0.0000000   9.765625e-05   47   47           53            0            0            0            0                 4.528      0             2.180
     161   8.593750e-03    1.0000000    0.0000000   9.765625e-05   47   50        13525            0            0            0            0               104.942      0             5.967
     162   8.691406e-03    1.0000000    0.0000000   9.765625e-05   47   47           43            0            0            0            0                 3.171      0             1.228
     163   8.789062e-03    1.0000000    0.0000000   9.765625e-05   47   48         7142            0            0            0            0                56.690      0             3.609
     164   8.886719e-03    1.0000000    0.0000000   9.765625e-05   47   47           32            0            0            0            0                 3.172      0             1.046
     165   8.984375e-03    1.0000000    0.0000000   9.765625e-05   47   49        10590            0            0            0            0                94.808      8             2.985
     166   9.082031e-03    1.0000000    0.0000000   9.765625e-05   47   47           28            0            0            0            0                 2.396      0             0.969
     167   9.179688e-03    1.0000000    0.0000000   9.765625e-05   47   48         6876            0            0            0            0                48.507      0             2.890
     168   9.277344e-03    1.0000000    0.0000000   9.765625e-05   47   47           24            0            0            0            0                40.968      1             0.828
     169   9.375000e-03    1.0000000    0.0000000   9.765625e-05   47   52        19767            0            0            0            0               142.380      0             4.066
     170   9.472656e-03    1.0000000    0.0000000   9.765625e-05   47   47           26            0            0            0            0                 2.496      0             0.882
     171   9.570313e-03    1.0000000    0.0000000   9.765625e-05   47   48         6530            0            0            0            0                57.469      0             3.000
     172   9.667969e-03    1.0000000    0.0000000   9.765625e-05   47   47           21            0            0            0            0                 2.976      0             1.022
     173   9.765625e-03    1.0000000    0.0000000   9.765625e-05   47   49        11493            0            0            0            0                69.835      0             3.293
     174   9.863281e-03    1.0000000    0.0000000   9.765625e-05   47   47           23            0            0            0            0                 2.999      0             1.153
     175   9.960938e-03    1.0000000    0.0000000   9.765625e-05   47   48         6155            0            0            0            0               866.302     24             3.210
     176   1.005859e-02    1.0000000    0.0000000   9.765625e-05   47   47           23            0            0            0            0                74.735      1             1.096
     177   1.015625e-02    1.0000000    0.0000000   9.765625e-05   47   50        15278            0            0            0            0               112.144      0             3.395
     178   1.025391e-02    1.0000000    0.0000000   9.765625e-05   47   47           20            0            0            0            0                 2.603      0             0.909
     179   1.035156e-02    1.0000000    0.0000000   9.765625e-05   47   48         5768            0            0            0            0                42.190      0             2.691
     180   1.044922e-02    1.0000000    0.0000000   9.765625e-05   47   47           15            0            0            0            0                 3.297      0             1.206
     181   1.054688e-02    1.0000000    0.0000000   9.765625e-05   47   49        12347            0            0            0            0                75.728      0             2.978
     182   1.064453e-02    1.0000000    0.0000000   9.765625e-05   47   47           17            0            0            0            0                 3.019      0             1.090
     183   1.074219e-02    1.0000000    0.0000000   9.765625e-05   47   48         5377            0            0            0            0                52.367      0             3.381
     184   1.083984e-02    1.0000000    0.0000000   9.765625e-05   47   47           10            0            0            0            0                 3.753      0             2.006
     185   1.093750e-02    1.0000000    0.0000000   9.765625e-05   47   51        18258            0            0            0            0               141.715      8             3.832
     186   1.103516e-02    1.0000000    0.0000000   9.765625e-05   47   47            4            0            0            0            0                 1.843      0             0.693
     187   1.113281e-02    1.0000000    0.0000000   9.765625e-05   47   48         4889            0            0            0            0                59.007      0             3.520
     188   1.123047e-02    1.0000000    0.0000000   9.765625e-05   47   47            8            0            0            0            0                 2.257      0             0.716
     189   1.132813e-02    1.0000000    0.0000000   9.765625e-05   47   49        13251            0            0            0            0               124.719      0             2.941
     190   1.142578e-02    1.0000000    0.0000000   9.765625e-05   47   47           11            0            0            0            0                 3.245      0             1.234
     191   1.152344e-02    1.0000000    0.0000000   9.765625e-05   47   48         4357            0            0            0            0                65.641      0             2.920
     192   1.162109e-02    1.0000000    0.0000000   9.765625e-05   47   47           12            0            0            0            0                 2.908      0             0.942
     193   1.171875e-02    1.0000000    0.0000000   9.765625e-05   47   50        17026            0            0            0            0               138.136      1             2.993
     194   1.181641e-02    1.0000000    0.0000000   9.765625e-05   47   47           13            0            0            0            0                 3.224      0             1.115
     195   1.191406e-02    1.0000000    0.0000000   9.765625e-05   47   48         3805            0            0            0            0                46.946      8             2.405
     196   1.201172e-02    1.0000000    0.0000000   9.765625e-05   47   47           15            0            0            0            0                 2.665      0             0.833
     197   1.210938e-02    1.0000000    0.0000000   9.765625e-05   47   49        14106            0            0            0            0               100.677      0             3.143
     198   1.220703e-02    1.0000000    0.0000000   9.765625e-05   47   47           13            0            0            0            0                 3.152      0             1.124
     199   1.230469e-02    1.0000000    0.0000000   9.765625e-05   47   48         3298            0            0            0            0                34.385      0             2.428
     200   1.240234e-02    1.0000000    0.0000000   9.765625e-05   47   47           12            0            0            0            0                 2.641      0             0.945
     201   1.250000e-02    1.0000000    0.0000000   9.765625e-05   47   54       262144            0            0            0            0               896.142      0            14.001
     202   1.259766e-02    1.0000000    0.0000000   9.765625e-05   47   47            8            0            0            0            0                 2.281      0             0.830
     203   1.269531e-02    1.0000000    0.0000000   9.765625e-05   47   48         2763            0            0            0            0                26.470      0             2.224
     204   1.279297e-02    1.0000000    0.0000000   9.765625e-05   47   47            2            0            0            0            0                 1.563      0             0.609
     205   1.289063e-02    1.0000000    0.0000000   9.765625e-05   47   49        14983            0            0            0            0                91.126      8             3.979
     206   1.308594e-02    1.0000000    0.0000000   1.953125e-04   48   48         2247            0            0            0            0                24.102      0             2.157
     207   1.328125e-02    1.0000000    0.0000000   1.953125e-04   48   50        18358            0            0            0            0               121.334      1             2.943
     208   1.347656e-02    1.0000000    0.0000000   1.953125e-04   48   48         1789            0            0            0            0                19.777      0             3.659
     209   1.367188e-02    1.0000000    0.0000000   1.953125e-04   48   49        15896            0            0            0            0                67.254      0             2.692
     210   1.386719e-02    1.0000000    0.0000000   1.953125e-04   48   48         1487            0            0            0            0                17.693      0             2.542
     211   1.396484e-02    1.0000000    0.0000000   9.765625e-05   47   47            1            0            0            0            0                10.126      8             0.793
     212   1.406250e-02    1.0000000    0.0000000   9.765625e-05   47   51        22814            0            0            0            0               118.520      0             3.980
     213   1.416016e-02    1.0000000    0.0000000   9.765625e-05   47   47            2            0            0            0            0                 1.973      0             0.800
     214   1.425781e-02    1.0000000    0.0000000   9.765625e-05   47   48         1179            0            0            0            0                19.294      0             2.881
     215   1.435547e-02    1.0000000    0.0000000   9.765625e-05   47   47            2            0            0            0            0                34.742      1             0.790
     216   1.445313e-02    1.0000000    0.0000000   9.765625e-05   47   49        16800            0            0            0            0                92.389      0             4.487
     217   1.464844e-02    1.0000000    0.0000000   1.953125e-04   48   48          925            0            0            0            0                13.868      0             1.936
     218   1.484375e-02    1.0000000    0.0000000   1.953125e-04   48   50        18904            0            0            0            0               102.993      8             3.061
     219   1.503906e-02    1.0000000    0.0000000   1.953125e-04   48   48          686            0            0            0            0                16.588      0             2.513
     220   1.523438e-02    1.0000000    0.0000000   1.953125e-04   48   49        17655            0            0            0            0                90.606      0             2.650
     221   1.542969e-02    1.0000000    0.0000000   1.953125e-04   48   48          510            0            0            0            0                58.906      1             1.688
     222   1.562500e-02    1.0000000    0.0000000   1.953125e-04   48   52        26995            0            0            0            0               127.808      0             3.921
     223   1.582031e-02    1.0000000    0.0000000   1.953125e-04   48   48          412            0            0            0            0                19.544      8             1.416
     224   1.601563e-02    1.0000000    0.0000000   1.953125e-04   48   49        18588            0            0            0            0                94.115      0             3.350
     225   1.621094e-02    1.0000000    0.0000000   1.953125e-04   48   48          300            0            0            0            0                10.814      0             1.625
     226   1.640625e-02    1.0000000    0.0000000   1.953125e-04   48   50        20500            0            0            0            0               115.765      0             2.773
     227   1.660156e-02    1.0000000    0.0000000   1.953125e-04   48   48          233            0            0            0            0                10.081      0             1.615
     228   1.679687e-02    1.0000000    0.0000000   1.953125e-04   48   49        19423            0            0            0            0               141.072      0             3.701
     229   1.699219e-02    1.0000000    0.0000000   1.953125e-04   48   48          177            0            0            0            0                20.062      8             1.688
     230   1.718750e-02    1.0000000    0.0000000   1.953125e-04   48   51        27273            0            0            0            0               195.170      0             3.240
     231   1.738281e-02    1.0000000    0.0000000   1.953125e-04   48   48          137            0            0            0            0                13.502      0             1.641
     232   1.757812e-02    1.0000000    0.0000000   1.953125e-04   48   49        20245            0            0            0            0               148.918      0             3.761
     233   1.777344e-02    1.0000000    0.0000000   1.953125e-04   48   48          101            0            0            0            0                 6.903      0             1.193
     234   1.796875e-02    1.0000000    0.0000000   1.953125e-04   48   50        22376            0            0            0            0               146.923      8             3.678
     235   1.816406e-02    1.0000000    0.0000000   1.953125e-04   48   48           77            0            0            0            0                 8.247      0             1.413
     236   1.835938e-02    1.0000000    0.0000000   1.953125e-04   48   49        20955            0            0            0            0               143.770      0             4.052
     237   1.855469e-02    1.0000000    0.0000000   1.953125e-04   48   48           71            0            0            0            0                 8.308      0             1.717
     238   1.875000e-02    1.0000000    0.0000000   1.953125e-04   48   53       262144            0            0            0            0              1002.550      1             9.809
     239   1.894531e-02    1.0000000    0.0000000   1.953125e-04   48   48           68            0            0            0            0                15.594      8             2.035
     240   1.914063e-02    1.0000000    0.0000000   1.953125e-04   48   49        21592            0            0            0            0               132.920      0             3.528
     241   1.933594e-02    1.0000000    0.0000000   1.953125e-04   48   48           64            0            0            0            0                 5.667      0             1.280
     242   1.953125e-02    1.0000000    0.0000000   1.953125e-04   48   50        24322            0            0            0            0               122.959      0             2.581
     243   1.972656e-02    1.0000000    0.0000000   1.953125e-04   48   48           61            0            0            0            0                 4.618      0             1.266
     244   1.992188e-02    1.0000000    0.0000000   1.953125e-04   48   49        21892            0            0            0            0               942.019     24             2.360
     245   2.011719e-02    1.0000000    0.0000000   1.953125e-04   48   48           58            0            0            0            0                 6.753      0             2.970
     246   2.031250e-02    1.0000000    0.0000000   1.953125e-04   48   51        31700            0            0            0            0               174.412      0             3.061
     247   2.050781e-02    1.0000000    0.0000000   1.953125e-04   48   48           57            0            0            0            0                 5.929      0             1.601
     248   2.070313e-02    1.0000000    0.0000000   1.953125e-04   48   49        22001            0            0            0            0               142.048      0             3.204
     249   2.089844e-02    1.0000000    0.0000000   1.953125e-04   48   48           58            0            0            0            0                13.917      8             1.394
     250   2.109375e-02    1.0000000    0.0000000   1.953125e-04   48   50        26269            0            0            0            0               140.074      0             3.656
     251   2.128906e-02    1.0000000    0.0000000   1.953125e-04   48   48           58            0            0            0            0                 4.833      0             0.931
     252   2.148438e-02    1.0000000    0.0000000   1.953125e-04   48   49        22005            0            0            0            0               144.492      0             3.346
     253   2.167969e-02    1.0000000    0.0000000   1.953125e-04   48   48           55            0            0            0            0                 7.008      0             2.709
     254   2.187500e-02    1.0000000    0.0000000   1.953125e-04   48   52        35802            0            0            0            0               219.684      8             3.841
     255   2.207031e-02    1.0000000    0.0000000   1.953125e-04   48   48           56            0            0            0            0                58.680      1             5.222
     256   2.226563e-02    1.0000000    0.0000000   1.953125e-04   48   49        21967            0            0            0            0               142.285      0             2.953
     257   2.246094e-02    1.0000000    0.0000000   1.953125e-04   48   48           56            0            0            0            0                 5.550      0             1.248
     258   2.265625e-02    1.0000000    0.0000000   1.953125e-04   48   50        28205            0            0            0            0               161.645      0             2.783
     259   2.285156e-02    1.0000000    0.0000000   1.953125e-04   48   48           55            0            0            0            0                16.296      8             1.088
     260   2.304688e-02    1.0000000    0.0000000   1.953125e-04   48   49        21811            0            0            0            0               130.098      0             2.599
     261   2.324219e-02    1.0000000    0.0000000   1.953125e-04   48   48           54            0            0            0            0                 4.386      0             1.327
     262   2.343750e-02    1.0000000    0.0000000   1.953125e-04   48   51        36128            0            0            0            0               191.357      0             5.436
     263   2.363281e-02    1.0000000    0.0000000   1.953125e-04   48   48           55            0            0            0            0                 5.786      0             1.456
     264   2.382813e-02    1.0000000    0.0000000   1.953125e-04   48   49        21519            0            0            0            0               150.276      8             5.242
     265   2.402344e-02    1.0000000    0.0000000   1.953125e-04   48   48           57            0            0            0            0                 7.274      0             1.586
     266   2.421875e-02    1.0000000    0.0000000   1.953125e-04   48   50        30167            0            0            0            0               181.190      0             3.499
     267   2.441406e-02    1.0000000    0.0000000   1.953125e-04   48   48           58            0            0            0            0                55.125      1             1.411
     268   2.460938e-02    1.0000000    0.0000000   1.953125e-04   48   49        21241            0            0            0            0               158.512      0             3.119
     269   2.480469e-02    1.0000000    0.0000000   1.953125e-04   48   48           60            0            0            0            0                 7.217      0             2.465
     270   2.500000e-02    1.0000000    0.0000000   1.953125e-04   48   55       262144            0            0            0            0              1095.889      8             9.851
     271   2.519531e-02    1.0000000    0.0000000   1.953125e-04   48   48           60            0            0            0            0                 5.427      0             1.266
     272   2.539062e-02    1.0000000    0.0000000   1.953125e-04   48   49        20938            0            0            0            0               118.345      0             2.793
     273   2.558594e-02    1.0000000    0.0000000   1.953125e-04   48   48           62            0            0            0            0                 5.937      0             2.116
     274   2.578125e-02    1.0000000    0.0000000   1.953125e-04   48   50        32095            0            0            0            0               198.501      0             3.204
     275   2.597656e-02    1.0000000    0.0000000   1.953125e-04   48   48           61            0            0            0            0                14.675      8             1.301
     276   2.617188e-02    1.0000000    0.0000000   1.953125e-04   48   49        20437            0            0            0            0               135.296      0             2.717
     277   2.636719e-02    1.0000000    0.0000000   1.953125e-04   48   48           60            0            0            0            0                 4.542      0             1.046
     278   2.656250e-02    1.0000000    0.0000000   1.953125e-04   48   51        40241            0            0            0            0               227.027      0             6.781
     279   2.675781e-02    1.0000000    0.0000000   1.953125e-04   48   48           60            0            0            0            0                47.871      1             1.165
     280   2.695313e-02    1.0000000    0.0000000   1.953125e-04   48   49        20003            0            0            0            0               189.017      8             4.262
     281   2.714844e-02    1.0000000    0.0000000   1.953125e-04   48   48           59            0            0            0            0                 5.882      0             1.185
     282   2.734375e-02    1.0000000    0.0000000   1.953125e-04   48   50        34060            0            0            0            0               207.950      0             4.667
     283   2.753906e-02    1.0000000    0.0000000   1.953125e-04   48   48           59            0            0            0            0                 4.678      0             1.133
     284   2.773438e-02    1.0000000    0.0000000   1.953125e-04   48   49        19548            0            0            0            0               137.648      0             3.803
     285   2.792969e-02    1.0000000    0.0000000   1.953125e-04   48   48           57            0            0            0            0                12.737      8             1.069
     286   2.812500e-02    1.0000000    0.0000000   1.953125e-04   48   52        45302            0            0            0            0               265.413      0             3.889
     287   2.832031e-02    1.0000000    0.0000000   1.953125e-04   48   48           59            0            0            0            0                 4.772      0             1.088
     288   2.851563e-02    1.0000000    0.0000000   1.953125e-04   48   49        18929            0            0            0            0               136.929      0             3.455
     289   2.871094e-02    1.0000000    0.0000000   1.953125e-04   48   48           59            0            0            0            0                 5.155      0             1.479
     290   2.890625e-02    1.0000000    0.0000000   1.953125e-04   48   50        36062            0            0            0            0               285.594      9             3.819
     291   2.910156e-02    1.0000000    0.0000000   1.953125e-04   48   48           60            0            0            0            0                 3.544      0             0.689
     292   2.929688e-02    1.0000000    0.0000000   1.953125e-04   48   49        18353            0            0            0            0               140.158      0             4.478
     293   2.949219e-02    1.0000000    0.0000000   1.953125e-04   48   48           61            0            0            0            0                 3.980      0             1.071
     294   2.968750e-02    1.0000000    0.0000000   1.953125e-04   48   51        44223            0            0            0            0               222.252      0             2.671
     295   2.988281e-02    1.0000000    0.0000000   1.953125e-04   48   48           66            0            0            0            0               697.227     24             0.979
     296   3.007813e-02    1.0000000    0.0000000   1.953125e-04   48   49        17879            0            0            0            0               138.453      0             3.511
     297   3.027344e-02    1.0000000    0.0000000   1.953125e-04   48   48           67            0            0            0            0                 4.598      0             0.973
     298   3.046875e-02    1.0000000    0.0000000   1.953125e-04   48   50        38032            0            0            0            0               265.023      0             2.610
     299   3.066406e-02    1.0000000    0.0000000   1.953125e-04   48   48           66            0            0            0            0                 4.241      0             0.961
     300   3.085938e-02    1.0000000    0.0000000   1.953125e-04   48   49        17258            0            0            0            0               145.846      8             5.851
     301   3.105469e-02    1.0000000    0.0000000   1.953125e-04   48   48           62            0            0            0            0                 4.151      0             1.207
     302   3.125000e-02    1.0000000    0.0000000   1.953125e-04   48   53       262144            0            0            0            0               989.188      0             5.908
     303   3.144531e-02    1.0000000    0.0000000   1.953125e-04   48   48           58            0            0            0            0                 4.702      0             0.939
     304   3.164062e-02    1.0000000    0.0000000   1.953125e-04   48   49        16538            0            0            0            0               143.008      0             2.801
     305   3.183594e-02    1.0000000    0.0000000   1.953125e-04   48   48           57            0            0            0            0                13.388      8             0.790
     306   3.203125e-02    1.0000000    0.0000000   1.953125e-04   48   50        40010            0            0            0            0               259.042      0             4.143
     307   3.222656e-02    1.0000000    0.0000000   1.953125e-04   48   48           52            0            0            0            0                 4.131      0             1.074
     308   3.242188e-02    1.0000000    0.0000000   1.953125e-04   48   49        15784            0            0            0            0               116.818      0             2.818
     309   3.261719e-02    1.0000000    0.0000000   1.953125e-04   48   48           45            0            0            0            0                 4.265      0             1.132
     310   3.281250e-02    1.0000000    0.0000000   1.953125e-04   48   51        48086            0            0            0            0               333.741      8             5.465
     311   3.300781e-02    1.0000000    0.0000000   1.953125e-04   48   48           38            0            0            0            0                 3.977      0             1.048
     312   3.320312e-02    1.0000000    0.0000000   1.953125e-04   48   49        15013            0            0            0            0               197.435      0             2.942
     313   3.339844e-02    1.0000000    0.0000000   1.953125e-04   48   48           34            0            0            0            0                 4.277      0             1.043
     314   3.359375e-02    1.0000000    0.0000000   1.953125e-04   48   50        42008            0            0            0            0               316.024      0             3.735
     315   3.378906e-02    1.0000000    0.0000000   1.953125e-04   48   48           34            0            0            0            0                 4.521      0             1.083
     316   3.398438e-02    1.0000000    0.0000000   1.953125e-04   48   49        14226            0            0            0            0               233.039      9             3.426
     317   3.417969e-02    1.0000000    0.0000000   1.953125e-04   48   48           35            0            0            0            0                 3.730      0             0.926
     318   3.437500e-02    1.0000000    0.0000000   1.953125e-04   48   52        54803            0            0            0            0               331.036      0             5.646
     319   3.457031e-02    1.0000000    0.0000000   1.953125e-04   48   48           42            0            0            0            0                 3.034      0             0.609
     320   3.476563e-02    1.0000000    0.0000000   1.953125e-04   48   49        13267            0            0            0            0               106.272      0             4.197
     321   3.496094e-02    1.0000000    0.0000000   1.953125e-04   48   48           43            0            0            0            0                11.870      8             0.720
     322   3.515625e-02    1.0000000    0.0000000   1.953125e-04   48   50        43988            0            0            0            0               222.626      0             3.844
     323   3.535156e-02    1.0000000    0.0000000   1.953125e-04   48   48           46            0            0            0            0                 3.200      0             0.812
     324   3.554687e-02    1.0000000    0.0000000   1.953125e-04   48   49        12256            0            0            0            0                85.244      0             2.064
     325   3.574219e-02    1.0000000    0.0000000   1.953125e-04   48   48           43            0            0            0            0                 3.125      0             0.631
     326   3.593750e-02    1.0000000    0.0000000   1.953125e-04   48   51        51800            0            0            0            0               241.827      8             3.148
     327   3.613281e-02    1.0000000    0.0000000   1.953125e-04   48   48           38            0            0            0            0                 2.932      0             0.837
     328   3.632813e-02    1.0000000    0.0000000   1.953125e-04   48   49        11196            0            0            0            0                81.909      0             3.168
     329   3.652344e-02    1.0000000    0.0000000   1.953125e-04   48   48           29            0            0            0            0                 4.354      0             1.487
     330   3.671875e-02    1.0000000    0.0000000   1.953125e-04   48   50        46007            0            0            0            0               262.399      0             4.393
     331   3.691406e-02    1.0000000    0.0000000   1.953125e-04   48   48           21            0            0            0            0                12.944      8             0.780
     332   3.710938e-02    1.0000000    0.0000000   1.953125e-04   48   49        10081            0            0            0            0                97.940      0             2.475
     333   3.730469e-02    1.0000000    0.0000000   1.953125e-04   48   48           19            0            0            0            0                 3.877      0             1.553
     334   3.750000e-02    1.0000000    0.0000000   1.953125e-04   48   54       262144            0            0            0            0              1078.420      0             7.401
     335   3.769531e-02    1.0000000    0.0000000   1.953125e-04   48   48           17            0            0            0            0                 3.509      0             0.738
     336   3.789063e-02    1.0000000    0.0000000   1.953125e-04   48   49         8999            0            0            0            0               103.232      8             3.757
     337   3.808594e-02    1.0000000    0.0000000   1.953125e-04   48   48           18            0            0            0            0                 3.215      0             0.731
     338   3.828125e-02    1.0000000    0.0000000   1.953125e-04   48   50        48036            0            0            0            0               302.619      1             4.512
     339   3.847656e-02    1.0000000    0.0000000   1.953125e-04   48   48           15            0            0            0            0                 2.861      0             0.665
     340   3.867188e-02    1.0000000    0.0000000   1.953125e-04   48   49         7952            0            0            0            0                70.549      0             3.090
     341   3.886719e-02    1.0000000    0.0000000   1.953125e-04   48   48           15            0            0            0            0                13.259      8             1.117
     342   3.906250e-02    1.0000000    0.0000000   1.953125e-04   48   51        54973            0            0            0            0               312.064      0             5.300
     343   3.925781e-02    1.0000000    0.0000000   1.953125e-04   48   48           15            0            0            0            0                 3.264      0             0.773
     344   3.945313e-02    1.0000000    0.0000000   1.953125e-04   48   49         6998            0            0            0            0                64.512      0             3.004
     345   3.964844e-02    1.0000000    0.0000000   1.953125e-04   48   48           15            0            0            0            0                 3.704      0             0.933
     346   3.984375e-02    1.0000000    0.0000000   1.953125e-04   48   50        50026            0            0            0            0              1053.142     24             3.093
     347   4.003906e-02    1.0000000    0.0000000   1.953125e-04   48   48           15            0            0            0            0                 3.266      0             0.704
     348   4.023438e-02    1.0000000    0.0000000   1.953125e-04   48   49         6176            0            0            0            0                62.930      0             2.734
     349   4.042969e-02    1.0000000    0.0000000   1.953125e-04   48   48            8            0            0            0            0                 4.518      0             1.390
     350   4.062500e-02    1.0000000    0.0000000   1.953125e-04   48   52        64335            0            0            0            0               372.087      0             4.820
     351   4.082031e-02    1.0000000    0.0000000   1.953125e-04   48   48            2            0            0            0            0                14.451      8             0.930
     352   4.101562e-02    1.0000000    0.0000000   1.953125e-04   48   49         5398            0            0            0            0                60.851      0             2.838
     353   4.121094e-02    1.0000000    0.0000000   1.953125e-04   48   48            2            0            0            0            0                 2.630      0             0.902
     354   4.140625e-02    1.0000000    0.0000000   1.953125e-04   48   50        52048            0            0            0            0               324.591      0             3.675
     355   4.160156e-02    1.0000000    0.0000000   1.953125e-04   48   48            4            0            0            0            0                 2.986      0             0.738
     356   4.179688e-02    1.0000000    0.0000000   1.953125e-04   48   49         4763            0            0            0            0                62.589      0             3.073
     357   4.199219e-02    1.0000000    0.0000000   1.953125e-04   48   48            5            0            0            0            0                12.289      8             0.646
     358   4.218750e-02    1.0000000    0.0000000   1.953125e-04   48   51        57007            0            0            0            0               371.923      1             5.293
     359   4.238281e-02    1.0000000    0.0000000   1.953125e-04   48   48            6            0            0            0            0                 3.745      0             1.781
     360   4.257813e-02    1.0000000    0.0000000   1.953125e-04   48   49         4264            0            0            0            0                42.714      0             2.903
     361   4.277344e-02    1.0000000    0.0000000   1.953125e-04   48   48            7            0            0            0            0                 2.932      0             0.889
     362   4.296875e-02    1.0000000    0.0000000   1.953125e-04   48   50        54039            0            0            0            0               342.439      8             3.819
     363   4.316406e-02    1.0000000    0.0000000   1.953125e-04   48   48            5            0            0            0            0                 2.233      0             0.613
     364   4.335938e-02    1.0000000    0.0000000   1.953125e-04   48   49         3791            0            0            0            0                53.762      0             2.869
     365   4.355469e-02    1.0000000    0.0000000   1.953125e-04   48   48            3            0            0            0            0                 2.411      0             0.535
     366   4.375000e-02    1.0000000    0.0000000   1.953125e-04   48   53       262144            0            0            0            0               899.936      8             5.202
     367   4.414063e-02    1.0000000    0.0000000   3.906250e-04   49   49         3286            0            0            0            0                41.803      0             2.516
     368   4.453125e-02    1.0000000    0.0000000   3.906250e-04   49   50        56177            0            0            0            0               283.750      0             3.354
     369   4.492188e-02    1.0000000    0.0000000   3.906250e-04   49   49         2854            0            0            0            0                41.448      8             2.093
     370   4.531250e-02    1.0000000    0.0000000   3.906250e-04   49   51        60057            0            0            0            0               342.390      0             5.178
     371   4.570313e-02    1.0000000    0.0000000   3.906250e-04   49   49         2428            0            0            0            0                38.400      0             2.262
     372   4.589844e-02    1.0000000    0.0000000   1.953125e-04   48   48            5            0            0            0            0                10.354      8             0.651
     373   4.609375e-02    1.0000000    0.0000000   1.953125e-04   48   50        58107            0            0            0            0               359.884      1             3.380
     374   4.628906e-02    1.0000000    0.0000000   1.953125e-04   48   48            4            0            0            0            0                 2.409      0             0.790
     375   4.648438e-02    1.0000000    0.0000000   1.953125e-04   48   49         2114            0            0            0            0                28.044      0             2.964
     376   4.667969e-02    1.0000000    0.0000000   1.953125e-04   48   48            3            0            0            0            0                 2.732      0             0.979
     377   4.687500e-02    1.0000000    0.0000000   1.953125e-04   48   52        73729            0            0            0            0               428.073      8             4.459
     378   4.707031e-02    1.0000000    0.0000000   1.953125e-04   48   48            1            0            0            0            0                 1.703      0             0.715
     379   4.726563e-02    1.0000000    0.0000000   1.953125e-04   48   49         1759            0            0            0            0                34.338      0             2.960
     380   4.765625e-02    1.0000000    0.0000000   3.906250e-04   49   50        60277            0            0            0            0               357.394      8             4.896
     381   4.804688e-02    1.0000000    0.0000000   3.906250e-04   49   49         1433            0            0            0            0                31.568      0             2.848
     382   4.843750e-02    1.0000000    0.0000000   3.906250e-04   49   51        64270            0            0            0            0               419.963      0             4.191
     383   4.882812e-02    1.0000000    0.0000000   3.906250e-04   49   49         1190            0            0            0            0                44.997      8             3.478
     384   4.921875e-02    1.0000000    0.0000000   3.906250e-04   49   50        62237            0            0            0            0               443.891      0             4.479
     385   4.960938e-02    1.0000000    0.0000000   3.906250e-04   49   49          943            0            0            0            0                32.446      0             4.011
     386   5.000000e-02    1.0000000    0.0000000   3.906250e-04   49   56       262144            0            0            0            0              1159.859      1             6.819
